1; 0.000640; 100; 12
2; 0.000674; 100; 12
3; 0.000623; 100; 12
4; 0.000639; 100; 12
5; 0.000653; 100; 12
6; 0.000660; 100; 12
7; 0.001137; 100; 12
8; 0.000693; 100; 12
9; 0.000754; 100; 12
10; 0.000771; 100; 12
11; 0.000757; 100; 12
12; 0.000838; 100; 12
13; 0.000734; 100; 12
14; 0.000725; 100; 12
15; 0.000695; 100; 12
16; 0.000653; 100; 12
17; 0.001001; 100; 12
18; 0.000781; 100; 12
19; 0.000752; 100; 12
20; 0.000837; 100; 12
21; 0.000816; 100; 12
22; 0.000897; 100; 12
23; 0.001612; 100; 12
24; 0.000545; 100; 12
25; 0.000651; 100; 12
26; 0.000700; 100; 12
27; 0.000706; 100; 12
28; 0.000729; 100; 12
29; 0.000687; 100; 12
30; 0.000706; 100; 12
31; 0.000746; 100; 12
32; 0.000853; 100; 12
33; 0.001160; 100; 12
34; 0.001333; 100; 12
35; 0.000837; 100; 12
36; 0.000666; 100; 12
37; 0.000905; 100; 12
38; 0.000722; 100; 12
39; 0.000694; 100; 12
40; 0.000970; 100; 12
41; 0.000747; 100; 12
42; 0.000923; 100; 12
43; 0.001060; 100; 12
44; 0.000818; 100; 12
45; 0.000843; 100; 12
46; 0.001091; 100; 12
47; 0.000980; 100; 12
48; 0.000758; 100; 12
49; 0.000720; 100; 12
50; 0.000730; 100; 12
51; 0.000697; 100; 12
52; 0.000753; 100; 12
53; 0.000764; 100; 12
54; 0.000864; 100; 12
55; 0.001040; 100; 12
56; 0.000945; 100; 12
57; 0.000987; 100; 12
58; 0.000942; 100; 12
59; 0.000889; 100; 12
60; 0.000624; 100; 12
61; 0.001159; 100; 12
62; 0.000802; 100; 12
63; 0.000779; 100; 12
64; 0.000922; 100; 12
65; 0.000759; 100; 12
66; 0.000761; 100; 12
67; 0.000788; 100; 12
68; 0.000885; 100; 12
69; 0.000939; 100; 12
70; 0.000911; 100; 12
71; 0.001062; 100; 12
72; 0.000769; 100; 12
73; 0.000673; 100; 12
74; 0.000656; 100; 12
75; 0.000749; 100; 12
76; 0.000801; 100; 12
77; 0.000937; 100; 12
78; 0.001341; 100; 12
79; 0.000853; 100; 12
80; 0.000898; 100; 12
81; 0.000997; 100; 12
82; 0.000959; 100; 12
83; 0.000929; 100; 12
84; 0.000860; 100; 12
85; 0.000712; 100; 12
86; 0.000783; 100; 12
87; 0.000808; 100; 12
88; 0.000806; 100; 12
89; 0.000793; 100; 12
90; 0.000817; 100; 12
91; 0.002777; 100; 12
92; 0.001080; 100; 12
93; 0.000893; 100; 12
94; 0.001042; 100; 12
95; 0.000917; 100; 12
96; 0.000912; 100; 12
97; 0.001083; 100; 12
98; 0.001444; 100; 12
99; 0.000828; 100; 12
100; 0.000927; 100; 12
101; 0.000848; 100; 12
102; 0.000811; 100; 12
103; 0.001094; 100; 12
104; 0.001005; 100; 12
105; 0.000977; 100; 12
106; 0.001236; 100; 12
107; 0.000946; 100; 12
108; 0.000883; 100; 12
109; 0.000854; 100; 12
110; 0.000853; 100; 12
111; 0.000972; 100; 12
112; 0.001061; 100; 12
113; 0.000934; 100; 12
114; 0.000886; 100; 12
115; 0.000880; 100; 12
116; 0.000946; 100; 12
117; 0.001261; 100; 12
118; 0.001560; 100; 12
119; 0.001031; 100; 12
120; 0.000810; 100; 12
121; 0.000793; 100; 12
122; 0.000825; 100; 12
123; 0.001426; 100; 12
124; 0.001063; 100; 12
125; 0.000943; 100; 12
126; 0.000965; 100; 12
127; 0.000928; 100; 12
128; 0.000929; 100; 12
129; 0.001079; 100; 12
130; 0.001185; 100; 12
131; 0.001070; 100; 12
132; 0.000911; 100; 12
133; 0.000849; 100; 12
134; 0.000859; 100; 12
135; 0.000901; 100; 12
136; 0.001005; 100; 12
137; 0.001069; 100; 12
138; 0.001161; 100; 12
139; 0.001064; 100; 12
140; 0.001002; 100; 12
141; 0.001011; 100; 12
142; 0.001047; 100; 12
143; 0.001161; 100; 12
144; 0.000892; 100; 12
145; 0.000917; 100; 12
146; 0.000959; 100; 12
147; 0.000984; 100; 12
148; 0.000971; 100; 12
149; 0.001367; 100; 12
150; 0.001166; 100; 12
151; 0.001165; 100; 12
152; 0.001199; 100; 12
153; 0.001033; 100; 12
154; 0.001096; 100; 12
155; 0.001085; 100; 12
156; 0.001076; 100; 12
157; 0.001216; 100; 12
158; 0.000937; 100; 12
159; 0.000967; 100; 12
160; 0.001019; 100; 12
161; 0.001105; 100; 12
162; 0.001115; 100; 12
163; 0.001306; 100; 12
164; 0.001234; 100; 12
165; 0.001083; 100; 12
166; 0.001143; 100; 12
167; 0.001136; 100; 12
168; 0.000971; 100; 12
169; 0.001105; 100; 12
170; 0.001076; 100; 12
171; 0.000991; 100; 12
172; 0.001273; 100; 12
173; 0.001050; 100; 12
174; 0.001472; 100; 12
175; 0.001259; 100; 12
176; 0.001091; 100; 12
177; 0.001154; 100; 12
178; 0.001147; 100; 12
179; 0.001243; 100; 12
180; 0.001083; 100; 12
181; 0.000986; 100; 12
182; 0.001077; 100; 12
183; 0.000975; 100; 12
184; 0.001085; 100; 12
185; 0.001107; 100; 12
186; 0.001201; 100; 12
187; 0.001167; 100; 12
188; 0.001122; 100; 12
189; 0.001150; 100; 12
190; 0.001446; 100; 12
191; 0.001480; 100; 12
192; 0.001044; 100; 12
193; 0.001025; 100; 12
194; 0.001062; 100; 12
195; 0.001129; 100; 12
196; 0.001104; 100; 12
197; 0.001173; 100; 12
198; 0.001242; 100; 12
199; 0.001954; 100; 12
200; 0.001129; 100; 12
201; 0.001168; 100; 12
202; 0.001271; 100; 12
203; 0.001280; 100; 12
204; 0.000973; 100; 12
205; 0.001035; 100; 12
206; 0.001120; 100; 12
207; 0.001439; 100; 12
208; 0.001669; 100; 12
209; 0.001125; 100; 12
210; 0.001141; 100; 12
211; 0.001146; 100; 12
212; 0.001527; 100; 12
213; 0.001224; 100; 12
214; 0.001928; 100; 12
215; 0.001416; 100; 12
216; 0.000984; 100; 12
217; 0.001074; 100; 12
218; 0.001120; 100; 12
219; 0.001121; 100; 12
220; 0.001354; 100; 12
221; 0.001236; 100; 12
222; 0.001148; 100; 12
223; 0.001225; 100; 12
224; 0.001666; 100; 12
225; 0.001243; 100; 12
226; 0.001510; 100; 12
227; 0.002025; 100; 12
228; 0.001034; 100; 12
229; 0.001492; 100; 12
230; 0.001131; 100; 12
231; 0.001259; 100; 12
232; 0.001762; 100; 12
233; 0.001200; 100; 12
234; 0.001191; 100; 12
235; 0.001499; 100; 12
236; 0.001522; 100; 12
237; 0.001310; 100; 12
238; 0.001662; 100; 12
239; 0.001311; 100; 12
240; 0.001153; 100; 12
241; 0.001557; 100; 12
242; 0.001560; 100; 12
243; 0.001129; 100; 12
244; 0.001200; 100; 12
245; 0.001226; 100; 12
246; 0.001302; 100; 12
247; 0.002004; 100; 12
248; 0.001356; 100; 12
249; 0.001421; 100; 12
250; 0.001343; 100; 12
251; 0.002053; 100; 12
252; 0.001256; 100; 12
253; 0.001294; 100; 12
254; 0.001156; 100; 12
255; 0.001177; 100; 12
256; 0.001405; 100; 12
257; 0.001467; 100; 12
258; 0.001290; 100; 12
259; 0.001393; 100; 12
260; 0.001334; 100; 12
261; 0.001527; 100; 12
262; 0.001693; 100; 12
263; 0.001864; 100; 12
264; 0.001481; 100; 12
265; 0.001194; 100; 12
266; 0.001236; 100; 12
267; 0.001384; 100; 12
268; 0.001280; 100; 12
269; 0.001931; 100; 12
270; 0.001318; 100; 12
271; 0.001857; 100; 12
272; 0.001365; 100; 12
273; 0.001369; 100; 12
274; 0.001347; 100; 12
275; 0.001403; 100; 12
276; 0.001419; 100; 12
277; 0.002573; 100; 12
278; 0.001223; 100; 12
279; 0.001381; 100; 12
280; 0.001580; 100; 12
281; 0.001917; 100; 12
282; 0.001361; 100; 12
283; 0.001360; 100; 12
284; 0.001475; 100; 12
285; 0.001390; 100; 12
286; 0.001999; 100; 12
287; 0.001445; 100; 12
288; 0.001249; 100; 12
289; 0.001216; 100; 12
290; 0.001241; 100; 12
291; 0.001292; 100; 12
292; 0.001821; 100; 12
293; 0.001357; 100; 12
294; 0.001309; 100; 12
295; 0.001397; 100; 12
296; 0.001593; 100; 12
297; 0.001662; 100; 12
298; 0.001460; 100; 12
299; 0.001728; 100; 12
300; 0.001720; 100; 12
301; 0.001539; 100; 12
302; 0.001530; 100; 12
303; 0.001568; 100; 12
304; 0.001347; 100; 12
305; 0.001647; 100; 12
306; 0.001876; 100; 12
307; 0.002134; 100; 12
308; 0.001398; 100; 12
309; 0.001461; 100; 12
310; 0.001739; 100; 12
311; 0.001691; 100; 12
312; 0.001890; 100; 12
313; 0.001320; 100; 12
314; 0.001521; 100; 12
315; 0.002059; 100; 12
316; 0.002064; 100; 12
317; 0.001493; 100; 12
318; 0.001406; 100; 12
319; 0.001632; 100; 12
320; 0.002307; 100; 12
321; 0.001520; 100; 12
322; 0.001499; 100; 12
323; 0.002336; 100; 12
324; 0.002122; 100; 12
325; 0.001393; 100; 12
326; 0.001587; 100; 12
327; 0.002151; 100; 12
328; 0.001677; 100; 12
329; 0.001743; 100; 12
330; 0.001538; 100; 12
331; 0.001696; 100; 12
332; 0.002320; 100; 12
333; 0.002149; 100; 12
334; 0.001743; 100; 12
335; 0.001611; 100; 12
336; 0.001982; 100; 12
337; 0.001891; 100; 12
338; 0.001799; 100; 12
339; 0.002318; 100; 12
340; 0.001889; 100; 12
341; 0.001854; 100; 12
342; 0.001664; 100; 12
343; 0.002008; 100; 12
344; 0.001843; 100; 12
345; 0.001783; 100; 12
346; 0.001941; 100; 12
347; 0.002131; 100; 12
348; 0.001772; 100; 12
349; 0.001467; 100; 12
350; 0.001909; 100; 12
351; 0.002162; 100; 12
352; 0.001702; 100; 12
353; 0.001500; 100; 12
354; 0.002108; 100; 12
355; 0.001648; 100; 12
356; 0.002071; 100; 12
357; 0.001968; 100; 12
358; 0.001619; 100; 12
359; 0.001781; 100; 12
360; 0.002454; 100; 12
361; 0.001527; 100; 12
362; 0.002145; 100; 12
363; 0.001560; 100; 12
364; 0.001647; 100; 12
365; 0.001827; 100; 12
366; 0.001792; 100; 12
367; 0.001871; 100; 12
368; 0.001719; 100; 12
369; 0.001788; 100; 12
370; 0.001983; 100; 12
371; 0.001818; 100; 12
372; 0.002636; 100; 12
373; 0.001726; 100; 12
374; 0.001585; 100; 12
375; 0.001638; 100; 12
376; 0.001978; 100; 12
377; 0.001522; 100; 12
378; 0.001964; 100; 12
379; 0.001709; 100; 12
380; 0.001845; 100; 12
381; 0.001796; 100; 12
382; 0.001768; 100; 12
383; 0.001690; 100; 12
384; 0.001616; 100; 12
385; 0.002454; 100; 12
386; 0.001896; 100; 12
387; 0.001525; 100; 12
388; 0.001582; 100; 12
389; 0.001776; 100; 12
390; 0.001785; 100; 12
391; 0.002043; 100; 12
392; 0.001742; 100; 12
393; 0.002531; 100; 12
394; 0.001659; 100; 12
395; 0.002066; 100; 12
396; 0.001589; 100; 12
397; 0.001533; 100; 12
398; 0.002334; 100; 12
399; 0.002009; 100; 12
400; 0.001604; 100; 12
401; 0.001765; 100; 12
402; 0.001798; 100; 12
403; 0.002595; 100; 12
404; 0.001974; 100; 12
405; 0.001831; 100; 12
406; 0.001779; 100; 12
407; 0.002208; 100; 12
408; 0.001521; 100; 12
409; 0.001590; 100; 12
410; 0.002431; 100; 12
411; 0.001666; 100; 12
412; 0.001815; 100; 12
413; 0.001648; 100; 12
414; 0.002031; 100; 12
415; 0.001746; 100; 12
416; 0.002179; 100; 12
417; 0.002002; 100; 12
418; 0.001859; 100; 12
419; 0.001863; 100; 12
420; 0.002058; 100; 12
421; 0.001701; 100; 12
422; 0.001618; 100; 12
423; 0.002273; 100; 12
424; 0.001649; 100; 12
425; 0.002267; 100; 12
426; 0.001701; 100; 12
427; 0.001867; 100; 12
428; 0.002143; 100; 12
429; 0.002245; 100; 12
430; 0.002904; 100; 12
431; 0.002275; 100; 12
432; 0.002089; 100; 12
433; 0.001769; 100; 12
434; 0.002091; 100; 12
435; 0.001981; 100; 12
436; 0.002073; 100; 12
437; 0.002088; 100; 12
438; 0.003254; 100; 12
439; 0.002003; 100; 12
440; 0.002407; 100; 12
441; 0.001828; 100; 12
442; 0.002580; 100; 12
443; 0.001821; 100; 12
444; 0.001968; 100; 12
445; 0.001872; 100; 12
446; 0.001742; 100; 12
447; 0.001665; 100; 12
448; 0.001724; 100; 12
449; 0.003164; 100; 12
450; 0.002065; 100; 12
451; 0.002009; 100; 12
452; 0.002113; 100; 12
453; 0.002385; 100; 12
454; 0.001819; 100; 12
455; 0.001965; 100; 12
456; 0.002578; 100; 12
457; 0.002108; 100; 12
458; 0.002290; 100; 12
459; 0.002438; 100; 12
460; 0.002407; 100; 12
461; 0.002155; 100; 12
462; 0.001754; 100; 12
463; 0.002677; 100; 12
464; 0.001870; 100; 12
465; 0.002297; 100; 12
466; 0.001795; 100; 12
467; 0.002108; 100; 12
468; 0.001827; 100; 12
469; 0.001835; 100; 12
470; 0.002465; 100; 12
471; 0.003100; 100; 12
472; 0.002344; 100; 12
473; 0.002226; 100; 12
474; 0.002968; 100; 12
475; 0.002169; 100; 12
476; 0.001920; 100; 12
477; 0.001939; 100; 12
478; 0.002189; 100; 12
479; 0.001944; 100; 12
480; 0.001756; 100; 12
481; 0.001987; 100; 12
482; 0.002675; 100; 12
483; 0.002564; 100; 12
484; 0.001755; 100; 12
485; 0.002268; 100; 12
486; 0.002087; 100; 12
487; 0.001961; 100; 12
488; 0.002328; 100; 12
489; 0.002037; 100; 12
490; 0.002777; 100; 12
491; 0.001978; 100; 12
492; 0.002434; 100; 12
493; 0.002762; 100; 12
494; 0.002415; 100; 12
495; 0.002310; 100; 12
496; 0.002384; 100; 12
497; 0.002334; 100; 12
498; 0.002555; 100; 12
499; 0.002518; 100; 12
500; 0.002400; 100; 12
501; 0.002795; 100; 12
502; 0.003070; 100; 12
503; 0.002491; 100; 12
504; 0.002810; 100; 12
505; 0.002442; 100; 12
506; 0.002589; 100; 12
507; 0.002397; 100; 12
508; 0.002337; 100; 12
509; 0.002611; 100; 12
510; 0.003197; 100; 12
511; 0.002443; 100; 12
512; 0.002447; 100; 12
513; 0.002425; 100; 12
514; 0.002706; 100; 12
515; 0.002456; 100; 12
516; 0.003005; 100; 12
517; 0.002660; 100; 12
518; 0.001896; 100; 12
519; 0.002443; 100; 12
520; 0.002239; 100; 12
521; 0.001991; 100; 12
522; 0.001988; 100; 12
523; 0.002916; 100; 12
524; 0.002225; 100; 12
525; 0.002094; 100; 12
526; 0.003098; 100; 12
527; 0.002585; 100; 12
528; 0.002324; 100; 12
529; 0.002423; 100; 12
530; 0.002639; 100; 12
531; 0.002339; 100; 12
532; 0.002355; 100; 12
533; 0.002435; 100; 12
534; 0.001979; 100; 12
535; 0.002762; 100; 12
536; 0.002720; 100; 12
537; 0.002310; 100; 12
538; 0.002044; 100; 12
539; 0.002485; 100; 12
540; 0.002474; 100; 12
541; 0.001963; 100; 12
542; 0.001991; 100; 12
543; 0.002214; 100; 12
544; 0.002717; 100; 12
545; 0.002186; 100; 12
546; 0.002044; 100; 12
547; 0.003119; 100; 12
548; 0.002247; 100; 12
549; 0.002751; 100; 12
550; 0.002967; 100; 12
551; 0.002475; 100; 12
552; 0.002534; 100; 12
553; 0.002049; 100; 12
554; 0.002302; 100; 12
555; 0.002652; 100; 12
556; 0.002336; 100; 12
557; 0.002567; 100; 12
558; 0.002502; 100; 12
559; 0.002256; 100; 12
560; 0.002617; 100; 12
561; 0.002063; 100; 12
562; 0.002873; 100; 12
563; 0.002567; 100; 12
564; 0.002852; 100; 12
565; 0.002364; 100; 12
566; 0.002661; 100; 12
567; 0.002602; 100; 12
568; 0.002708; 100; 12
569; 0.002772; 100; 12
570; 0.002780; 100; 12
571; 0.002803; 100; 12
572; 0.002148; 100; 12
573; 0.002262; 100; 12
574; 0.002168; 100; 12
575; 0.002934; 100; 12
576; 0.002251; 100; 12
577; 0.002584; 100; 12
578; 0.002687; 100; 12
579; 0.002617; 100; 12
580; 0.002062; 100; 12
581; 0.002564; 100; 12
582; 0.002692; 100; 12
583; 0.002076; 100; 12
584; 0.002081; 100; 12
585; 0.004004; 100; 12
586; 0.002343; 100; 12
587; 0.002233; 100; 12
588; 0.003415; 100; 12
589; 0.002058; 100; 12
590; 0.002782; 100; 12
591; 0.002670; 100; 12
592; 0.002269; 100; 12
593; 0.002974; 100; 12
594; 0.002611; 100; 12
595; 0.002507; 100; 12
596; 0.002352; 100; 12
597; 0.002339; 100; 12
598; 0.002941; 100; 12
599; 0.002341; 100; 12
600; 0.002137; 100; 12
601; 0.002576; 100; 12
602; 0.002523; 100; 12
603; 0.002426; 100; 12
604; 0.002881; 100; 12
605; 0.002531; 100; 12
606; 0.002456; 100; 12
607; 0.002516; 100; 12
608; 0.003761; 100; 12
609; 0.002308; 100; 12
610; 0.002664; 100; 12
611; 0.002825; 100; 12
612; 0.002571; 100; 12
613; 0.002516; 100; 12
614; 0.002752; 100; 12
615; 0.002478; 100; 12
616; 0.002410; 100; 12
617; 0.002515; 100; 12
618; 0.004051; 100; 12
619; 0.002813; 100; 12
620; 0.002523; 100; 12
621; 0.002532; 100; 12
622; 0.002408; 100; 12
623; 0.002951; 100; 12
624; 0.002872; 100; 12
625; 0.002252; 100; 12
626; 0.002120; 100; 12
627; 0.002791; 100; 12
628; 0.004011; 100; 12
629; 0.002241; 100; 12
630; 0.003062; 100; 12
631; 0.002188; 100; 12
632; 0.002988; 100; 12
633; 0.002997; 100; 12
634; 0.002931; 100; 12
635; 0.002695; 100; 12
636; 0.003227; 100; 12
637; 0.003179; 100; 12
638; 0.003232; 100; 12
639; 0.003052; 100; 12
640; 0.002434; 100; 12
641; 0.002405; 100; 12
642; 0.003002; 100; 12
643; 0.002446; 100; 12
644; 0.002344; 100; 12
645; 0.002859; 100; 12
646; 0.002977; 100; 12
647; 0.002411; 100; 12
648; 0.002746; 100; 12
649; 0.002836; 100; 12
650; 0.002513; 100; 12
651; 0.002480; 100; 12
652; 0.002670; 100; 12
653; 0.002241; 100; 12
654; 0.002547; 100; 12
655; 0.002857; 100; 12
656; 0.002976; 100; 12
657; 0.002598; 100; 12
658; 0.002346; 100; 12
659; 0.002835; 100; 12
660; 0.002695; 100; 12
661; 0.002505; 100; 12
662; 0.003133; 100; 12
663; 0.002231; 100; 12
664; 0.002344; 100; 12
665; 0.002531; 100; 12
666; 0.002425; 100; 12
667; 0.002649; 100; 12
668; 0.003241; 100; 12
669; 0.002458; 100; 12
670; 0.002453; 100; 12
671; 0.003526; 100; 12
672; 0.002556; 100; 12
673; 0.002253; 100; 12
674; 0.002227; 100; 12
675; 0.003635; 100; 12
676; 0.002479; 100; 12
677; 0.002761; 100; 12
678; 0.002749; 100; 12
679; 0.002847; 100; 12
680; 0.002731; 100; 12
681; 0.003030; 100; 12
682; 0.002488; 100; 12
683; 0.003323; 100; 12
684; 0.002263; 100; 12
685; 0.002428; 100; 12
686; 0.003213; 100; 12
687; 0.002755; 100; 12
688; 0.002704; 100; 12
689; 0.002448; 100; 12
690; 0.003122; 100; 12
691; 0.003297; 100; 12
692; 0.002424; 100; 12
693; 0.003359; 100; 12
694; 0.002542; 100; 12
695; 0.002666; 100; 12
696; 0.003309; 100; 12
697; 0.002401; 100; 12
698; 0.002301; 100; 12
699; 0.003013; 100; 12
700; 0.002813; 100; 12
701; 0.002616; 100; 12
702; 0.003283; 100; 12
703; 0.003244; 100; 12
704; 0.002449; 100; 12
705; 0.003354; 100; 12
706; 0.002948; 100; 12
707; 0.002943; 100; 12
708; 0.002944; 100; 12
709; 0.002517; 100; 12
710; 0.002629; 100; 12
711; 0.002849; 100; 12
712; 0.002396; 100; 12
713; 0.002689; 100; 12
714; 0.003414; 100; 12
715; 0.003367; 100; 12
716; 0.002480; 100; 12
717; 0.002731; 100; 12
718; 0.002606; 100; 12
719; 0.003167; 100; 12
720; 0.003176; 100; 12
721; 0.002485; 100; 12
722; 0.003095; 100; 12
723; 0.002936; 100; 12
724; 0.003136; 100; 12
725; 0.003189; 100; 12
726; 0.002453; 100; 12
727; 0.002647; 100; 12
728; 0.002735; 100; 12
729; 0.002917; 100; 12
730; 0.002714; 100; 12
731; 0.002606; 100; 12
732; 0.003396; 100; 12
733; 0.003197; 100; 12
734; 0.002975; 100; 12
735; 0.002667; 100; 12
736; 0.002441; 100; 12
737; 0.002718; 100; 12
738; 0.003642; 100; 12
739; 0.004187; 100; 12
740; 0.003319; 100; 12
741; 0.003280; 100; 12
742; 0.002767; 100; 12
743; 0.004108; 100; 12
744; 0.003417; 100; 12
745; 0.002736; 100; 12
746; 0.003613; 100; 12
747; 0.002730; 100; 12
748; 0.003349; 100; 12
749; 0.002738; 100; 12
750; 0.003206; 100; 12
751; 0.003596; 100; 12
752; 0.003125; 100; 12
753; 0.002647; 100; 12
754; 0.003205; 100; 12
755; 0.003089; 100; 12
756; 0.002504; 100; 12
757; 0.003307; 100; 12
758; 0.002830; 100; 12
759; 0.002827; 100; 12
760; 0.003993; 100; 12
761; 0.002696; 100; 12
762; 0.003004; 100; 12
763; 0.002767; 100; 12
764; 0.002640; 100; 12
765; 0.002642; 100; 12
766; 0.003227; 100; 12
767; 0.002696; 100; 12
768; 0.002752; 100; 12
769; 0.002931; 100; 12
770; 0.002969; 100; 12
771; 0.003569; 100; 12
772; 0.002566; 100; 12
773; 0.002791; 100; 12
774; 0.003906; 100; 12
775; 0.003190; 100; 12
776; 0.003861; 100; 12
777; 0.002604; 100; 12
778; 0.002697; 100; 12
779; 0.002862; 100; 12
780; 0.003788; 100; 12
781; 0.003176; 100; 12
782; 0.002547; 100; 12
783; 0.003472; 100; 12
784; 0.003656; 100; 12
785; 0.003545; 100; 12
786; 0.002779; 100; 12
787; 0.003962; 100; 12
788; 0.002990; 100; 12
789; 0.003592; 100; 12
790; 0.002996; 100; 12
791; 0.002839; 100; 12
792; 0.003705; 100; 12
793; 0.004307; 100; 12
794; 0.003844; 100; 12
795; 0.002630; 100; 12
796; 0.002934; 100; 12
797; 0.003418; 100; 12
798; 0.003232; 100; 12
799; 0.003241; 100; 12
800; 0.003419; 100; 12
801; 0.003432; 100; 12
802; 0.003280; 100; 12
803; 0.003676; 100; 12
804; 0.003008; 100; 12
805; 0.002800; 100; 12
806; 0.003219; 100; 12
807; 0.002830; 100; 12
808; 0.003329; 100; 12
809; 0.002758; 100; 12
810; 0.003937; 100; 12
811; 0.003939; 100; 12
812; 0.002871; 100; 12
813; 0.002852; 100; 12
814; 0.003935; 100; 12
815; 0.003256; 100; 12
816; 0.003306; 100; 12
817; 0.003193; 100; 12
818; 0.002851; 100; 12
819; 0.004229; 100; 12
820; 0.003050; 100; 12
821; 0.003237; 100; 12
822; 0.003216; 100; 12
823; 0.003054; 100; 12
824; 0.003171; 100; 12
825; 0.003901; 100; 12
826; 0.003453; 100; 12
827; 0.003871; 100; 12
828; 0.003499; 100; 12
829; 0.004000; 100; 12
830; 0.004220; 100; 12
831; 0.002683; 100; 12
832; 0.003231; 100; 12
833; 0.003201; 100; 12
834; 0.004779; 100; 12
835; 0.003098; 100; 12
836; 0.002994; 100; 12
837; 0.004155; 100; 12
838; 0.003251; 100; 12
839; 0.003403; 100; 12
840; 0.003329; 100; 12
841; 0.003199; 100; 12
842; 0.003636; 100; 12
843; 0.003104; 100; 12
844; 0.003477; 100; 12
845; 0.002916; 100; 12
846; 0.003049; 100; 12
847; 0.004008; 100; 12
848; 0.003439; 100; 12
849; 0.003261; 100; 12
850; 0.003087; 100; 12
851; 0.003041; 100; 12
852; 0.003612; 100; 12
853; 0.003241; 100; 12
854; 0.003150; 100; 12
855; 0.004153; 100; 12
856; 0.003351; 100; 12
857; 0.003699; 100; 12
858; 0.002799; 100; 12
859; 0.003269; 100; 12
860; 0.004114; 100; 12
861; 0.002877; 100; 12
862; 0.003234; 100; 12
863; 0.004617; 100; 12
864; 0.002889; 100; 12
865; 0.003868; 100; 12
866; 0.003307; 100; 12
867; 0.003110; 100; 12
868; 0.004468; 100; 12
869; 0.003327; 100; 12
870; 0.003412; 100; 12
871; 0.003676; 100; 12
872; 0.003246; 100; 12
873; 0.003831; 100; 12
874; 0.003484; 100; 12
875; 0.003460; 100; 12
876; 0.002887; 100; 12
877; 0.003228; 100; 12
878; 0.003957; 100; 12
879; 0.003518; 100; 12
880; 0.004364; 100; 12
881; 0.003367; 100; 12
882; 0.003112; 100; 12
883; 0.004035; 100; 12
884; 0.003481; 100; 12
885; 0.003326; 100; 12
886; 0.003272; 100; 12
887; 0.003552; 100; 12
888; 0.003355; 100; 12
889; 0.003425; 100; 12
890; 0.003536; 100; 12
891; 0.003991; 100; 12
892; 0.002860; 100; 12
893; 0.003327; 100; 12
894; 0.003254; 100; 12
895; 0.003989; 100; 12
896; 0.003628; 100; 12
897; 0.004499; 100; 12
898; 0.003394; 100; 12
899; 0.003700; 100; 12
900; 0.002837; 100; 12
901; 0.003949; 100; 12
902; 0.003455; 100; 12
903; 0.003356; 100; 12
904; 0.003042; 100; 12
905; 0.003546; 100; 12
906; 0.004211; 100; 12
907; 0.003376; 100; 12
908; 0.004319; 100; 12
909; 0.003144; 100; 12
910; 0.003814; 100; 12
911; 0.003142; 100; 12
912; 0.003412; 100; 12
913; 0.004225; 100; 12
914; 0.003564; 100; 12
915; 0.004239; 100; 12
916; 0.004525; 100; 12
917; 0.003928; 100; 12
918; 0.003019; 100; 12
919; 0.003054; 100; 12
920; 0.003360; 100; 12
921; 0.003544; 100; 12
922; 0.003675; 100; 12
923; 0.004514; 100; 12
924; 0.003674; 100; 12
925; 0.003429; 100; 12
926; 0.003318; 100; 12
927; 0.003893; 100; 12
928; 0.004719; 100; 12
929; 0.005073; 100; 12
930; 0.003228; 100; 12
931; 0.003752; 100; 12
932; 0.004224; 100; 12
933; 0.003560; 100; 12
934; 0.003230; 100; 12
935; 0.003478; 100; 12
936; 0.003881; 100; 12
937; 0.003694; 100; 12
938; 0.003811; 100; 12
939; 0.003676; 100; 12
940; 0.003233; 100; 12
941; 0.003747; 100; 12
942; 0.003031; 100; 12
943; 0.004318; 100; 12
944; 0.003287; 100; 12
945; 0.003396; 100; 12
946; 0.005200; 100; 12
947; 0.003146; 100; 12
948; 0.003839; 100; 12
949; 0.003447; 100; 12
950; 0.004011; 100; 12
951; 0.003340; 100; 12
952; 0.003840; 100; 12
953; 0.004317; 100; 12
954; 0.004076; 100; 12
955; 0.004251; 100; 12
956; 0.003163; 100; 12
957; 0.003553; 100; 12
958; 0.003593; 100; 12
959; 0.003262; 100; 12
960; 0.004475; 100; 12
961; 0.003982; 100; 12
962; 0.004573; 100; 12
963; 0.003555; 100; 12
964; 0.004535; 100; 12
965; 0.003106; 100; 12
966; 0.003706; 100; 12
967; 0.004469; 100; 12
968; 0.003374; 100; 12
969; 0.003330; 100; 12
970; 0.003536; 100; 12
971; 0.003898; 100; 12
972; 0.003900; 100; 12
973; 0.003238; 100; 12
974; 0.003719; 100; 12
975; 0.004158; 100; 12
976; 0.003529; 100; 12
977; 0.004858; 100; 12
978; 0.004965; 100; 12
979; 0.003515; 100; 12
980; 0.003357; 100; 12
981; 0.004038; 100; 12
982; 0.004173; 100; 12
983; 0.003822; 100; 12
984; 0.003271; 100; 12
985; 0.003694; 100; 12
986; 0.003462; 100; 12
987; 0.003563; 100; 12
988; 0.004199; 100; 12
989; 0.003778; 100; 12
990; 0.004584; 100; 12
991; 0.003339; 100; 12
992; 0.003630; 100; 12
993; 0.003866; 100; 12
994; 0.003449; 100; 12
995; 0.004190; 100; 12
996; 0.003965; 100; 12
997; 0.003908; 100; 12
998; 0.003342; 100; 12
999; 0.003699; 100; 12
1000; 0.004149; 100; 12
